A1=[[931500.0, 993600.0, 915975.0, 983250.0, 776250.0, 1122975.0, 1086750.0, 884925.0, 771075.0, 910800.0, 879750.0, 828000.0, 853875.0, 791775.0, 998775.0, 941850.0, 1019475.0, 905625.0, 828000.0, 1003950.0, 667575.0, 1071225.0, 781425.0, 1097100.0, 884925.0, 1024650.0, 817650.0, 921150.0, 900450.0, 978075.0, 905625.0, 921150.0, 879750.0, 931500.0, 1133325.0, 879750.0, 900450.0, 1009125.0, 874575.0, 771075.0, 921150.0, 915975.0, 983250.0, 833175.0, 812475.0, 988425.0, 895275.0, 1174725.0, 1190250.0, 822825.0, 915975.0, 941850.0, 1029825.0, 745200.0, 828000.0, 978075.0, 817650.0, 1055700.0, 1117800.0, 796950.0, 957375.0, 941850.0, 967725.0, 1055700.0, 796950.0, 890100.0, 869400.0, 978075.0, 972900.0, 812475.0, 921150.0, 952200.0, 1029825.0, 1055700.0, 1164375.0, 853875.0, 1019475.0, 926325.0, 895275.0, 998775.0, 915975.0, 771075.0, 688275.0, 890100.0, 1226475.0, 869400.0, 760725.0, 786600.0, 807300.0, 936675.0, 833175.0, 781425.0, 760725.0, 983250.0, 1029825.0, 895275.0, 962550.0, 978075.0, 895275.0, 869400.0]]
A3=[[967725.0, 895275.0, 822825.0, 822825.0, 838350.0, 807300.0, 828000.0, 848700.0, 786600.0, 745200.0, 771075.0, 900450.0, 910800.0, 859050.0, 734850.0, 822825.0, 874575.0, 993600.0, 817650.0, 884925.0, 802125.0, 677925.0, 745200.0, 853875.0, 833175.0, 786600.0, 791775.0, 993600.0, 957375.0, 900450.0, 869400.0, 952200.0, 926325.0, 936675.0, 859050.0, 900450.0, 895275.0, 843525.0, 864225.0, 962550.0, 915975.0, 900450.0, 879750.0, 884925.0, 714150.0, 822825.0, 864225.0, 740025.0, 1117800.0, 978075.0, 791775.0, 828000.0, 905625.0, 760725.0, 1029825.0, 947025.0, 915975.0, 895275.0, 688275.0, 879750.0, 1024650.0, 843525.0, 1003950.0, 869400.0, 1066050.0, 900450.0, 781425.0, 750375.0, 807300.0, 967725.0, 962550.0, 962550.0, 843525.0, 817650.0, 771075.0, 776250.0, 843525.0, 874575.0, 796950.0, 843525.0, 802125.0, 905625.0, 745200.0, 796950.0, 915975.0, 962550.0, 947025.0, 859050.0, 890100.0, 833175.0, 947025.0, 926325.0, 807300.0, 952200.0, 895275.0, 978075.0, 750375.0, 765900.0, 895275.0, 848700.0]]
A5=[[900450.0, 988425.0, 807300.0, 983250.0, 983250.0, 879750.0, 729675.0, 1050525.0, 864225.0, 605475.0, 915975.0, 828000.0, 740025.0, 802125.0, 791775.0, 838350.0, 931500.0, 667575.0, 921150.0, 781425.0, 693450.0, 781425.0, 931500.0, 781425.0, 802125.0, 776250.0, 786600.0, 848700.0, 843525.0, 962550.0, 915975.0, 874575.0, 822825.0, 796950.0, 807300.0, 853875.0, 998775.0, 864225.0, 719325.0, 807300.0, 833175.0, 864225.0, 895275.0, 900450.0, 978075.0, 859050.0, 859050.0, 910800.0, 771075.0, 957375.0, 884925.0, 760725.0, 667575.0, 812475.0, 662400.0, 776250.0, 874575.0, 864225.0, 641700.0, 905625.0, 910800.0, 848700.0, 941850.0, 900450.0, 734850.0, 838350.0, 807300.0, 905625.0, 745200.0, 652050.0, 884925.0, 781425.0, 786600.0, 843525.0, 890100.0, 838350.0, 900450.0, 884925.0, 915975.0, 848700.0, 967725.0, 848700.0, 760725.0, 957375.0, 864225.0, 802125.0, 864225.0, 874575.0, 890100.0, 967725.0, 698625.0, 776250.0, 760725.0, 864225.0, 874575.0, 807300.0, 921150.0, 1009125.0, 729675.0, 807300.0]]
A7=[[910800.0, 734850.0, 843525.0, 822825.0, 843525.0, 817650.0, 983250.0, 683100.0, 859050.0, 807300.0, 967725.0, 890100.0, 822825.0, 781425.0, 750375.0, 765900.0, 791775.0, 848700.0, 833175.0, 1009125.0, 703800.0, 698625.0, 915975.0, 734850.0, 884925.0, 931500.0, 879750.0, 843525.0, 636525.0, 683100.0, 791775.0, 843525.0, 765900.0, 729675.0, 729675.0, 843525.0, 879750.0, 874575.0, 828000.0, 900450.0, 947025.0, 698625.0, 812475.0, 776250.0, 952200.0, 765900.0, 740025.0, 941850.0, 631350.0, 652050.0, 884925.0, 926325.0, 890100.0, 828000.0, 874575.0, 740025.0, 662400.0, 817650.0, 853875.0, 765900.0, 621000.0, 859050.0, 745200.0, 859050.0, 869400.0, 776250.0, 796950.0, 595125.0, 755550.0, 807300.0, 817650.0, 900450.0, 812475.0, 838350.0, 646875.0, 936675.0, 729675.0, 662400.0, 755550.0, 884925.0, 786600.0, 688275.0, 874575.0, 859050.0, 765900.0, 765900.0, 729675.0, 802125.0, 657225.0, 796950.0, 719325.0, 796950.0, 719325.0, 952200.0, 905625.0, 796950.0, 915975.0, 802125.0, 791775.0, 771075.0]]
A10=[[905625.0, 859050.0, 874575.0, 791775.0, 910800.0, 838350.0, 796950.0, 610650.0, 853875.0, 765900.0, 915975.0, 848700.0, 838350.0, 745200.0, 936675.0, 760725.0, 771075.0, 864225.0, 884925.0, 822825.0, 781425.0, 833175.0, 926325.0, 765900.0, 750375.0, 791775.0, 848700.0, 931500.0, 745200.0, 817650.0, 931500.0, 936675.0, 859050.0, 910800.0, 724500.0, 719325.0, 791775.0, 698625.0, 745200.0, 864225.0, 812475.0, 734850.0, 802125.0, 895275.0, 843525.0, 895275.0, 822825.0, 833175.0, 781425.0, 972900.0, 890100.0, 905625.0, 755550.0, 838350.0, 884925.0, 833175.0, 817650.0, 755550.0, 791775.0, 967725.0, 952200.0, 900450.0, 859050.0, 796950.0, 900450.0, 1066050.0, 838350.0, 828000.0, 895275.0, 621000.0, 864225.0, 848700.0, 859050.0, 838350.0, 750375.0, 776250.0, 771075.0, 714150.0, 869400.0, 915975.0, 915975.0, 833175.0, 947025.0, 884925.0, 641700.0, 998775.0, 848700.0, 781425.0, 915975.0, 755550.0, 662400.0, 833175.0, 786600.0, 874575.0, 952200.0, 859050.0, 667575.0, 781425.0, 895275.0, 890100.0]]
A15=[[900450.0, 931500.0, 926325.0, 740025.0, 760725.0, 745200.0, 869400.0, 900450.0, 812475.0, 957375.0, 796950.0, 843525.0, 807300.0, 879750.0, 859050.0, 869400.0, 941850.0, 859050.0, 796950.0, 802125.0, 843525.0, 962550.0, 838350.0, 812475.0, 781425.0, 1003950.0, 936675.0, 677925.0, 993600.0, 740025.0, 967725.0, 817650.0, 657225.0, 900450.0, 972900.0, 786600.0, 662400.0, 683100.0, 760725.0, 776250.0, 947025.0, 781425.0, 859050.0, 781425.0, 781425.0, 833175.0, 838350.0, 802125.0, 755550.0, 921150.0, 807300.0, 848700.0, 874575.0, 750375.0, 822825.0, 853875.0, 750375.0, 796950.0, 802125.0, 900450.0, 812475.0, 828000.0, 683100.0, 921150.0, 859050.0, 874575.0, 755550.0, 833175.0, 698625.0, 853875.0, 983250.0, 750375.0, 729675.0, 884925.0, 724500.0, 791775.0, 693450.0, 755550.0, 952200.0, 853875.0, 838350.0, 745200.0, 683100.0, 890100.0, 833175.0, 900450.0, 812475.0, 781425.0, 683100.0, 890100.0, 817650.0, 915975.0, 926325.0, 853875.0, 957375.0, 838350.0, 729675.0, 905625.0, 910800.0, 771075.0]]
A20=[[698625.0, 884925.0, 765900.0, 1029825.0, 864225.0, 802125.0, 812475.0, 833175.0, 905625.0, 967725.0, 864225.0, 796950.0, 874575.0, 786600.0, 688275.0, 828000.0, 848700.0, 791775.0, 771075.0, 796950.0, 765900.0, 786600.0, 734850.0, 667575.0, 734850.0, 983250.0, 900450.0, 983250.0, 993600.0, 729675.0, 796950.0, 776250.0, 796950.0, 972900.0, 631350.0, 853875.0, 776250.0, 771075.0, 817650.0, 890100.0, 962550.0, 786600.0, 853875.0, 750375.0, 1024650.0, 724500.0, 853875.0, 967725.0, 615825.0, 864225.0, 740025.0, 900450.0, 895275.0, 879750.0, 791775.0, 708975.0, 812475.0, 884925.0, 890100.0, 900450.0, 786600.0, 931500.0, 869400.0, 874575.0, 765900.0, 972900.0, 869400.0, 776250.0, 869400.0, 838350.0, 926325.0, 1122975.0, 776250.0, 760725.0, 967725.0, 864225.0, 874575.0, 833175.0, 724500.0, 693450.0, 838350.0, 936675.0, 895275.0, 807300.0, 708975.0, 921150.0, 693450.0, 771075.0, 781425.0, 817650.0, 776250.0, 817650.0, 869400.0, 760725.0, 936675.0, 817650.0, 817650.0, 812475.0, 724500.0, 879750.0]]
